14
5 2
0 7  1 8
0 4  1 3
0 5  1 5
0 4  1 8
0 8  1 5
10 2
0 4  1 9
0 3  1 10
0 5  1 1
0 4  1 10
0 4  1 8
0 7  1 8
0 1  1 4
0 10  1 9
0 5  1 4
0 7  1 9
10 2
0 7  1 11
0 3  1 10
0 7  1 14
0 7  1 7
0 4  1 16
0 9  1 7
0 10  1 2
0 1  1 18
0 19  1 9
0 1  1 20
20 2
0 19  1 3
0 17  1 1
0 17  1 10
0 14  1 9
0 7  1 11
0 2  1 19
0 6  1 8
0 2  1 18
0 6  1 6
0 11  1 8
0 13  1 16
0 12  1 6
0 11  1 10
0 6  1 12
0 6  1 6
0 14  1 2
0 9  1 9
0 8  1 1
0 20  1 2
0 11  1 4
20 2
0 42  1 11
0 31  1 10
0 25  1 6
0 49  1 22
0 7  1 23
0 6  1 33
0 39  1 14
0 29  1 8
0 46  1 3
0 32  1 15
0 39  1 30
0 3  1 21
0 41  1 43
0 31  1 13
0 27  1 7
0 39  1 9
0 32  1 28
0 37  1 9
0 22  1 35
0 40  1 26
50 2
0 18  1 27
0 12  1 91
0 71  1 7
0 96  1 32
0 98  1 37
0 42  1 83
0 53  1 24
0 90  1 76
0 98  1 90
0 66  1 93
0 84  1 98
0 77  1 56
0 6  1 15
0 77  1 14
0 86  1 18
0 64  1 68
0 7  1 57
0 44  1 16
0 60  1 55
0 3  1 55
0 17  1 65
0 37  1 84
0 22  1 65
0 65  1 94
0 6  1 80
0 82  1 38
0 37  1 47
0 43  1 20
0 32  1 14
0 94  1 10
0 68  1 81
0 26  1 11
0 90  1 84
0 36  1 61
0 19  1 93
0 85  1 24
0 83  1 51
0 92  1 10
0 62  1 33
0 99  1 44
0 24  1 99
0 72  1 73
0 4  1 22
0 81  1 22
0 17  1 39
0 79  1 38
0 86  1 36
0 22  1 89
0 65  1 32
0 34  1 56
100 2
0 10  1 21
0 48  1 19
0 28  1 6
0 3  1 49
0 14  1 8
0 3  1 33
0 47  1 12
0 25  1 4
0 13  1 11
0 26  1 24
0 42  1 44
0 37  1 16
0 46  1 30
0 19  1 24
0 18  1 18
0 24  1 30
0 25  1 27
0 28  1 4
0 1  1 50
0 6  1 36
0 2  1 26
0 46  1 16
0 7  1 39
0 8  1 45
0 48  1 18
0 8  1 5
0 7  1 19
0 5  1 28
0 32  1 26
0 7  1 45
0 49  1 26
0 46  1 30
0 48  1 8
0 12  1 5
0 5  1 22
0 32  1 49
0 37  1 17
0 32  1 11
0 2  1 40
0 22  1 45
0 31  1 34
0 20  1 38
0 42  1 5
0 28  1 36
0 14  1 23
0 26  1 48
0 30  1 34
0 32  1 35
0 17  1 19
0 31  1 28
0 9  1 48
0 2  1 34
0 15  1 42
0 49  1 23
0 45  1 16
0 24  1 6
0 22  1 27
0 43  1 15
0 5  1 50
0 8  1 25
0 3  1 26
0 25  1 44
0 3  1 32
0 26  1 31
0 11  1 39
0 48  1 50
0 26  1 19
0 17  1 48
0 24  1 14
0 22  1 6
0 17  1 34
0 50  1 20
0 47  1 14
0 8  1 8
0 6  1 15
0 46  1 22
0 13  1 8
0 36  1 2
0 22  1 5
0 18  1 23
0 33  1 29
0 14  1 1
0 25  1 42
0 32  1 39
0 3  1 5
0 34  1 11
0 7  1 5
0 13  1 18
0 50  1 49
0 22  1 14
0 16  1 18
0 1  1 37
0 2  1 19
0 41  1 19
0 9  1 13
0 48  1 23
0 41  1 5
0 4  1 45
0 16  1 7
0 35  1 26
5 5
0 6  1 6  2 3  3 4  4 9
0 5  1 1  2 1  3 2  4 7
0 5  1 6  2 8  3 9  4 9
0 9  1 1  2 2  3 2  4 1
0 4  1 9  2 9  3 7  4 1
10 5
0 6  1 5  2 6  3 9  4 6
0 7  1 2  2 10  3 10  4 5
0 7  1 2  2 7  3 7  4 9
0 6  1 6  2 10  3 5  4 9
0 1  1 10  2 1  3 6  4 5
0 6  1 10  2 10  3 9  4 2
0 7  1 1  2 5  3 8  4 1
0 9  1 9  2 8  3 1  4 4
0 1  1 5  2 10  3 10  4 4
0 8  1 9  2 10  3 6  4 1
10 5
0 13  1 4  2 20  3 20  4 17
0 6  1 15  2 15  3 13  4 17
0 14  1 10  2 20  3 7  4 12
0 4  1 7  2 1  3 10  4 6
0 5  1 19  2 7  3 16  4 19
0 12  1 15  2 8  3 15  4 3
0 17  1 18  2 10  3 12  4 7
0 20  1 6  2 6  3 15  4 20
0 1  1 7  2 1  3 20  4 10
0 2  1 16  2 12  3 16  4 6
20 5
0 7  1 17  2 9  3 13  4 14
0 15  1 8  2 20  3 4  4 17
0 10  1 4  2 15  3 20  4 10
0 1  1 13  2 4  3 17  4 8
0 9  1 2  2 6  3 2  4 19
0 3  1 11  2 1  3 14  4 3
0 16  1 19  2 12  3 18  4 1
0 8  1 9  2 15  3 8  4 15
0 11  1 8  2 1  3 17  4 8
0 8  1 5  2 12  3 19  4 10
0 10  1 15  2 10  3 17  4 9
0 1  1 11  2 20  3 20  4 19
0 1  1 18  2 6  3 12  4 18
0 8  1 19  2 12  3 1  4 12
0 2  1 14  2 4  3 7  4 19
0 3  1 8  2 19  3 2  4 1
0 13  1 3  2 13  3 15  4 1
0 16  1 1  2 20  3 19  4 12
0 3  1 15  2 13  3 20  4 19
0 18  1 14  2 16  3 19  4 2
20 5
0 17  1 23  2 4  3 31  4 16
0 37  1 48  2 40  3 47  4 10
0 21  1 31  2 23  3 26  4 1
0 37  1 45  2 7  3 43  4 25
0 41  1 6  2 32  3 40  4 49
0 14  1 14  2 34  3 22  4 31
0 41  1 23  2 22  3 9  4 2
0 13  1 23  2 3  3 15  4 9
0 8  1 24  2 32  3 47  4 45
0 29  1 10  2 24  3 11  4 16
0 3  1 45  2 12  3 3  4 44
0 5  1 6  2 25  3 50  4 30
0 20  1 11  2 30  3 30  4 14
0 39  1 26  2 32  3 24  4 34
0 48  1 43  2 17  3 42  4 36
0 24  1 3  2 4  3 22  4 9
0 47  1 8  2 9  3 13  4 13
0 6  1 12  2 18  3 49  4 48
0 31  1 40  2 35  3 48  4 49
0 22  1 13  2 31  3 28  4 44
50 5
0 13  1 51  2 32  3 34  4 73
0 92  1 28  2 16  3 92  4 77
0 18  1 63  2 39  3 78  4 56
0 87  1 48  2 31  3 59  4 56
0 48  1 71  2 38  3 12  4 71
0 79  1 45  2 91  3 9  4 22
0 86  1 64  2 80  3 79  4 29
0 90  1 9  2 8  3 41  4 92
0 98  1 39  2 57  3 33  4 23
0 41  1 1  2 27  3 1  4 75
0 42  1 20  2 53  3 42  4 91
0 72  1 67  2 19  3 75  4 66
0 71  1 92  2 36  3 4  4 47
0 26  1 3  2 68  3 31  4 72
0 20  1 52  2 78  3 72  4 70
0 55  1 85  2 86  3 99  4 70
0 42  1 40  2 99  3 18  4 27
0 51  1 73  2 65  3 15  4 61
0 23  1 72  2 96  3 28  4 61
0 93  1 25  2 94  3 48  4 10
0 76  1 41  2 38  3 28  4 47
0 4  1 58  2 11  3 69  4 61
0 91  1 20  2 94  3 99  4 26
0 51  1 8  2 49  3 52  4 47
0 37  1 25  2 100  3 90  4 77
0 93  1 63  2 38  3 61  4 37
0 33  1 76  2 46  3 66  4 2
0 47  1 61  2 93  3 90  4 48
0 2  1 14  2 73  3 37  4 53
0 85  1 41  2 5  3 3  4 86
0 32  1 73  2 97  3 29  4 34
0 27  1 79  2 98  3 7  4 89
0 30  1 71  2 27  3 66  4 38
0 33  1 74  2 65  3 58  4 90
0 8  1 36  2 15  3 31  4 58
0 34  1 33  2 29  3 59  4 20
0 4  1 85  2 96  3 18  4 86
0 91  1 4  2 73  3 80  4 73
0 43  1 52  2 5  3 22  4 23
0 89  1 67  2 90  3 35  4 32
0 58  1 3  2 91  3 92  4 5
0 6  1 62  2 55  3 36  4 18
0 34  1 65  2 21  3 21  4 27
0 38  1 30  2 18  3 2  4 38
0 10  1 56  2 66  3 89  4 18
0 36  1 46  2 20  3 48  4 68
0 80  1 26  2 6  3 88  4 25
0 84  1 25  2 56  3 17  4 71
0 2  1 71  2 4  3 4  4 78
0 76  1 36  2 53  3 68  4 9
100 5
0 40  1 42  2 1  3 48  4 1
0 1  1 34  2 17  3 22  4 45
0 6  1 34  2 22  3 7  4 45
0 5  1 38  2 21  3 18  4 36
0 40  1 20  2 44  3 17  4 3
0 21  1 43  2 2  3 22  4 50
0 37  1 14  2 5  3 18  4 8
0 2  1 16  2 28  3 11  4 10
0 9  1 40  2 31  3 18  4 13
0 40  1 39  2 37  3 13  4 16
0 6  1 50  2 1  3 10  4 47
0 41  1 28  2 18  3 21  4 6
0 36  1 31  2 9  3 45  4 9
0 22  1 23  2 21  3 40  4 6
0 41  1 32  2 13  3 20  4 27
0 35  1 12  2 38  3 7  4 46
0 15  1 16  2 12  3 43  4 6
0 12  1 40  2 21  3 2  4 44
0 22  1 22  2 11  3 11  4 28
0 47  1 16  2 3  3 18  4 37
0 43  1 7  2 36  3 38  4 32
0 30  1 13  2 22  3 50  4 19
0 1  1 19  2 42  3 26  4 45
0 50  1 22  2 18  3 13  4 37
0 11  1 30  2 17  3 24  4 47
0 43  1 11  2 9  3 35  4 38
0 13  1 13  2 26  3 35  4 14
0 50  1 28  2 24  3 8  4 37
0 44  1 25  2 20  3 44  4 30
0 49  1 49  2 23  3 22  4 28
0 26  1 7  2 44  3 29  4 17
0 4  1 7  2 49  3 10  4 25
0 38  1 14  2 8  3 46  4 4
0 5  1 37  2 13  3 27  4 3
0 33  1 17  2 26  3 10  4 7
0 37  1 38  2 45  3 22  4 37
0 13  1 19  2 33  3 1  4 44
0 29  1 8  2 49  3 11  4 3
0 32  1 14  2 10  3 50  4 36
0 2  1 10  2 18  3 21  4 39
0 8  1 28  2 12  3 47  4 48
0 32  1 43  2 32  3 3  4 42
0 29  1 6  2 26  3 17  4 10
0 23  1 12  2 21  3 40  4 26
0 21  1 23  2 24  3 13  4 8
0 7  1 17  2 41  3 37  4 18
0 5  1 42  2 11  3 25  4 36
0 36  1 45  2 26  3 16  4 41
0 13  1 21  2 35  3 44  4 48
0 15  1 48  2 8  3 34  4 8
0 45  1 42  2 28  3 43  4 49
0 9  1 10  2 26  3 38  4 44
0 14  1 17  2 24  3 14  4 21
0 25  1 27  2 6  3 42  4 26
0 30  1 14  2 37  3 42  4 3
0 41  1 11  2 1  3 37  4 2
0 47  1 33  2 26  3 49  4 14
0 16  1 7  2 46  3 34  4 18
0 29  1 7  2 48  3 4  4 26
0 30  1 3  2 15  3 23  4 40
0 15  1 46  2 3  3 13  4 44
0 12  1 16  2 20  3 2  4 2
0 39  1 33  2 48  3 46  4 28
0 32  1 11  2 28  3 21  4 38
0 26  1 14  2 29  3 7  4 32
0 35  1 29  2 3  3 10  4 6
0 8  1 43  2 25  3 9  4 49
0 43  1 5  2 10  3 37  4 8
0 42  1 14  2 47  3 25  4 45
0 12  1 49  2 16  3 48  4 32
0 9  1 44  2 26  3 15  4 32
0 3  1 21  2 16  3 17  4 47
0 31  1 2  2 42  3 49  4 49
0 2  1 16  2 18  3 16  4 31
0 30  1 9  2 24  3 42  4 2
0 4  1 1  2 41  3 9  4 49
0 25  1 29  2 31  3 24  4 46
0 34  1 27  2 38  3 43  4 33
0 15  1 44  2 38  3 46  4 12
0 17  1 22  2 30  3 39  4 14
0 45  1 22  2 1  3 23  4 40
0 9  1 30  2 49  3 42  4 44
0 40  1 11  2 48  3 33  4 37
0 50  1 28  2 38  3 39  4 41
0 44  1 48  2 43  3 24  4 31
0 15  1 35  2 21  3 31  4 49
0 3  1 48  2 49  3 20  4 1
0 31  1 31  2 28  3 34  4 2
0 45  1 21  2 38  3 14  4 3
0 1  1 10  2 8  3 45  4 31
0 39  1 5  2 6  3 42  4 33
0 15  1 26  2 32  3 42  4 22
0 33  1 20  2 5  3 28  4 44
0 29  1 1  2 47  3 2  4 37
0 27  1 1  2 4  3 26  4 44
0 38  1 34  2 48  3 8  4 32
0 17  1 32  2 1  3 25  4 5
0 25  1 38  2 25  3 14  4 14
0 29  1 22  2 33  3 30  4 45
0 41  1 37  2 28  3 37  4 49
